Started cmp1.service - /usr/bin/bash /home/ubuntu/Pulsar/benchmarks/bench_xdp.sh.
== bench_netfilter: iface=eno12399np0 dur=30 src=192.168.77.3 dst=192.168.77.2 proto=udp ===
== STEP 0: cleanliness check (no rules for 192.168.77.3->192.168.77.2 anywhere) ==
OK: no rules for 192.168.77.3->192.168.77.2 in any subsystem (lists match/empty)
== STEP 1: iptables ==
  [iptables] RX total: 28015129 pkts / 1792980286 bytes => Gbps=0.478
  [iptables] CPU (mpstat, RX cores):
    Average:     CPU    %usr   %nice    %sys %iowait    %irq   %soft  %steal  %guest  %gnice   %idle
    Average:     all    0.03    0.00    0.03    0.00    0.00    8.57    0.00    0.00    0.00   91.37
    Average:       0    0.03    0.00    0.03    0.00    0.00   34.24    0.00    0.00    0.00   65.69
    Average:       1    0.00    0.00    0.00    0.00    0.00   34.28    0.00    0.00    0.00   65.72
    Average:       2    0.00    0.00    0.03    0.00    0.00   34.23    0.00    0.00    0.00   65.73
    Average:       3    0.03    0.00    0.07    0.00    0.00   34.31    0.00    0.00    0.00   65.59
    Average:       4    0.00    0.00    0.03    0.00    0.00   34.36    0.00    0.00    0.00   65.60
    Average:       5    0.03    0.00    0.00    0.00    0.00   34.26    0.00    0.00    0.00   65.70
    Average:       6    0.03    0.00    0.10    0.00    0.00   34.34    0.00    0.00    0.00   65.52
    Average:       7    0.03    0.00    0.03    0.00    0.00   34.09    0.00    0.00    0.00   65.84
    Average:       8    0.03    0.00    0.00    0.00    0.00    0.00    0.00    0.00    0.00   99.97
    Average:       9    0.03    0.00    0.00    0.00    0.00    0.00    0.00    0.00    0.00   99.97
    Average:      10    0.00    0.00    0.03    0.00    0.00    0.00    0.00    0.00    0.00   99.97
    Average:      11    0.03    0.00    0.03    0.00    0.00    0.00    0.00    0.00    0.00   99.93
    Average:      12    0.03    0.00    0.03    0.00    0.00    0.00    0.00    0.00    0.00   99.93
    Average:      13    0.00    0.00    0.00    0.00    0.00    0.00    0.00    0.00    0.00  100.00
    Average:      14    0.03    0.00    0.07    0.00    0.00    0.00    0.00    0.00    0.00   99.90
    Average:      15    0.00    0.00    0.00    0.00    0.00    0.00    0.00    0.00    0.00  100.00
    Average:      16    0.03    0.00    0.10    0.00    0.00    0.00    0.00    0.00    0.00   99.87
    Average:      17    0.03    0.00    0.03    0.00    0.00    0.00    0.00    0.00    0.00   99.93
    Average:      18    0.00    0.00    0.03    0.00    0.00    0.00    0.00    0.00    0.00   99.97
    Average:      19    0.03    0.00    0.03    0.00    0.00    0.00    0.00    0.00    0.00   99.93
    Average:      20    0.03    0.00    0.03    0.00    0.00    0.00    0.00    0.00    0.00   99.93
    Average:      21    0.00    0.00    0.00    0.00    0.00    0.00    0.00    0.00    0.00  100.00
    Average:      22    0.00    0.00    0.00    0.00    0.00    0.00    0.00    0.00    0.00  100.00
    Average:      23    0.00    0.00    0.00    0.00    0.00    0.00    0.00    0.00    0.00  100.00
    Average:      24    0.00    0.00    0.00    0.00    0.00    0.00    0.00    0.00    0.00  100.00
    Average:      25    0.00    0.00    0.03    0.00    0.00    0.00    0.00    0.00    0.00   99.97
    Average:      26    0.27    0.00    0.13    0.00    0.00    0.00    0.00    0.00    0.00   99.60
    Average:      27    0.03    0.00    0.07    0.00    0.00    0.00    0.00    0.00    0.00   99.90
    Average:      28    0.00    0.00    0.03    0.00    0.00    0.00    0.00    0.00    0.00   99.97
    Average:      29    0.03    0.00    0.00    0.00    0.00    0.00    0.00    0.00    0.00   99.97
    Average:      30    0.03    0.00    0.03    0.00    0.00    0.00    0.00    0.00    0.00   99.93
    Average:      31    0.00    0.00    0.03    0.00    0.00    0.00    0.00    0.00    0.00   99.97
  [iptables] DROP PPS (rule counter): 942395
  [iptables] OK: rule matched 28271853 packets
  [iptables] rule deleted
OK: no rules for 192.168.77.3->192.168.77.2 in any subsystem (lists match/empty)
== STEP 2: nftables ==
  [nftables] RX total: 27014938 pkts / 1728965498 bytes => Gbps=0.461
  [nftables] CPU (mpstat, RX cores):
    Average:     CPU    %usr   %nice    %sys %iowait    %irq   %soft  %steal  %guest  %gnice   %idle
    Average:     all    0.03    0.00    0.04    0.00    0.00    8.67    0.00    0.00    0.00   91.26
    Average:       0    0.30    0.00    0.13    0.00    0.00   34.40    0.00    0.00    0.00   65.17
    Average:       1    0.03    0.00    0.07    0.00    0.00   34.42    0.00    0.00    0.00   65.48
    Average:       2    0.03    0.00    0.13    0.00    0.00   34.42    0.00    0.00    0.00   65.41
    Average:       3    0.00    0.00    0.03    0.00    0.00   34.56    0.00    0.00    0.00   65.41
    Average:       4    0.00    0.00    0.00    0.00    0.00   34.44    0.00    0.00    0.00   65.56
    Average:       5    0.00    0.00    0.03    0.00    0.00   34.63    0.00    0.00    0.00   65.34
    Average:       6    0.26    0.00    0.17    0.00    0.00   34.87    0.00    0.00    0.00   64.70
    Average:       7    0.03    0.00    0.10    0.00    0.00   34.74    0.00    0.00    0.00   65.13
    Average:       8    0.00    0.00    0.03    0.00    0.00    0.00    0.00    0.00    0.00   99.97
    Average:       9    0.00    0.00    0.03    0.00    0.00    0.00    0.00    0.00    0.00   99.97
    Average:      10    0.00    0.00    0.00    0.00    0.00    0.00    0.00    0.00    0.00  100.00
    Average:      11    0.00    0.00    0.00    0.00    0.00    0.00    0.00    0.00    0.00  100.00
    Average:      12    0.00    0.00    0.03    0.00    0.00    0.00    0.00    0.00    0.00   99.97
    Average:      13    0.03    0.00    0.07    0.00    0.00    0.00    0.00    0.00    0.00   99.90
    Average:      14    0.03    0.00    0.07    0.00    0.00    0.00    0.00    0.00    0.00   99.90
    Average:      15    0.03    0.00    0.03    0.00    0.00    0.00    0.00    0.00    0.00   99.93
    Average:      16    0.03    0.00    0.00    0.00    0.00    0.00    0.00    0.00    0.00   99.97
    Average:      17    0.00    0.00    0.03    0.00    0.00    0.00    0.00    0.00    0.00   99.97
    Average:      18    0.03    0.00    0.00    0.00    0.00    0.00    0.00    0.00    0.00   99.97
    Average:      19    0.00    0.00    0.00    0.00    0.00    0.00    0.00    0.00    0.00  100.00
    Average:      20    0.03    0.00    0.03    0.00    0.00    0.00    0.00    0.00    0.00   99.93
    Average:      21    0.00    0.00    0.03    0.00    0.00    0.00    0.00    0.00    0.00   99.97
    Average:      22    0.00    0.00    0.00    0.00    0.00    0.00    0.00    0.00    0.00  100.00
    Average:      23    0.00    0.00    0.00    0.00    0.00    0.00    0.00    0.00    0.00  100.00
    Average:      24    0.00    0.00    0.00    0.00    0.00    0.00    0.00    0.00    0.00  100.00
    Average:      25    0.00    0.00    0.00    0.00    0.00    0.00    0.00    0.00    0.00  100.00
    Average:      26    0.07    0.00    0.07    0.00    0.00    0.00    0.00    0.00    0.00   99.87
    Average:      27    0.03    0.00    0.07    0.00    0.00    0.00    0.00    0.00    0.00   99.90
    Average:      28    0.07    0.00    0.07    0.00    0.00    0.00    0.00    0.00    0.00   99.87
    Average:      29    0.03    0.00    0.10    0.00    0.00    0.00    0.00    0.00    0.00   99.87
    Average:      30    0.00    0.00    0.00    0.00    0.00    0.00    0.00    0.00    0.00  100.00
    Average:      31    0.03    0.00    0.00    0.00    0.00    0.00    0.00    0.00    0.00   99.97
  [nftables] DROP PPS (rule counter): 931171
  [nftables] OK: rule matched 27935159 packets
  [nftables] table benchfilter deleted
FAIL: nftables already contains rule 192.168.77.3->192.168.77.2
WARN: nftables rules left after cleanup!
== STEP 3: eBPF (XDP) ==
  [ebpf] RX total: 28335672 pkts / 1813492076 bytes => Gbps=0.484
  [ebpf] CPU (mpstat, RX cores):
    Average:     CPU    %usr   %nice    %sys %iowait    %irq   %soft  %steal  %guest  %gnice   %idle
    Average:     all    0.05    0.00    0.05    0.00    0.00    4.16    0.00    0.00    0.00   95.74
    Average:       0    0.30    0.00    0.13    0.00    0.00   16.28    0.00    0.00    0.00   83.28
    Average:       1    0.00    0.00    0.00    0.00    0.00   16.28    0.00    0.00    0.00   83.72
    Average:       2    0.07    0.00    0.03    0.00    0.00   16.61    0.00    0.00    0.00   83.29
    Average:       3    0.03    0.00    0.03    0.00    0.00   16.95    0.00    0.00    0.00   82.99
    Average:       4    0.03    0.00    0.07    0.00    0.00   16.68    0.00    0.00    0.00   83.22
    Average:       5    0.00    0.00    0.00    0.00    0.00   16.72    0.00    0.00    0.00   83.28
    Average:       6    0.00    0.00    0.03    0.00    0.00   16.89    0.00    0.00    0.00   83.07
    Average:       7    0.00    0.00    0.03    0.00    0.00   16.52    0.00    0.00    0.00   83.45
    Average:       8    0.03    0.00    0.03    0.00    0.00    0.00    0.00    0.00    0.00   99.93
    Average:       9    0.03    0.00    0.07    0.00    0.00    0.00    0.00    0.00    0.00   99.90
    Average:      10    0.27    0.00    0.07    0.00    0.00    0.00    0.00    0.00    0.00   99.67
    Average:      11    0.00    0.00    0.03    0.00    0.00    0.00    0.00    0.00    0.00   99.97
    Average:      12    0.00    0.00    0.03    0.00    0.00    0.00    0.00    0.00    0.00   99.97
    Average:      13    0.00    0.00    0.00    0.00    0.00    0.00    0.00    0.00    0.00  100.00
    Average:      14    0.03    0.00    0.03    0.00    0.00    0.00    0.00    0.00    0.00   99.93
    Average:      15    0.00    0.00    0.03    0.00    0.00    0.00    0.00    0.00    0.00   99.97
    Average:      16    0.00    0.00    0.07    0.00    0.00    0.00    0.00    0.00    0.00   99.93
    Average:      17    0.03    0.00    0.07    0.00    0.00    0.00    0.00    0.00    0.00   99.90
    Average:      18    0.00    0.00    0.03    0.00    0.00    0.00    0.00    0.00    0.00   99.97
    Average:      19    0.00    0.00    0.00    0.00    0.00    0.00    0.00    0.00    0.00  100.00
    Average:      20    0.03    0.00    0.07    0.00    0.00    0.00    0.00    0.00    0.00   99.90
    Average:      21    0.17    0.00    0.03    0.00    0.00    0.00    0.00    0.00    0.00   99.80
    Average:      22    0.00    0.00    0.00    0.00    0.00    0.00    0.00    0.00    0.00  100.00
    Average:      23    0.00    0.00    0.03    0.00    0.00    0.00    0.00    0.00    0.00   99.97
    Average:      24    0.03    0.00    0.00    0.00    0.00    0.00    0.00    0.00    0.00   99.97
    Average:      25    0.00    0.00    0.00    0.00    0.00    0.00    0.00    0.00    0.00  100.00
    Average:      26    0.30    0.00    0.13    0.03    0.00    0.00    0.00    0.00    0.00   99.53
    Average:      27    0.27    0.00    0.17    0.00    0.00    0.00    0.00    0.00    0.00   99.57
    Average:      28    0.00    0.00    0.03    0.00    0.00    0.00    0.00    0.00    0.00   99.97
    Average:      29    0.03    0.00    0.17    0.00    0.00    0.00    0.00    0.00    0.00   99.80
    Average:      30    0.03    0.00    0.03    0.00    0.00    0.00    0.00    0.00    0.00   99.93
    Average:      31    0.00    0.00    0.03    0.00    0.00    0.00    0.00    0.00    0.00   99.97
  [ebpf] AclDrop PPS: 915411  (NOTE: global counter for all ACL-drops, not per-rule)
  [ebpf] RxPackets delta: 27463021  (check: traffic reaches eBPF)
  [ebpf] OK: ACL matched 27462358 packets
Deleted ACL rule 1
deleted rule id=1
  [ebpf] rule deleted
FAIL: nftables already contains rule 192.168.77.3->192.168.77.2
WARN: ebpf rules left after cleanup!
== bench_netfilter finished (all subsystems cleaned) ==
cmp1.service: Deactivated successfully.
