Started cmp3.service - /usr/bin/bash /home/ubuntu/Pulsar/benchmarks/bench_xdp.sh.
== bench_netfilter: iface=eno12399np0 dur=30 src=192.168.77.3 dst=192.168.77.2 proto=udp ===
== STEP 0: cleanliness check (no rules for 192.168.77.3->192.168.77.2 anywhere) ==
OK: no rules for 192.168.77.3->192.168.77.2 in any subsystem (lists match/empty)
== STEP 1: iptables ==
  [iptables] RX total: 27709919 pkts / 1773446826 bytes => Gbps=0.473
  [iptables] CPU (mpstat, RX cores):
    Average:     CPU    %usr   %nice    %sys %iowait    %irq   %soft  %steal  %guest  %gnice   %idle
    Average:     all    0.02    0.00    0.03    0.00    0.00    8.53    0.00    0.00    0.00   91.42
    Average:       0    0.00    0.00    0.03    0.00    0.00   33.69    0.00    0.00    0.00   66.27
    Average:       1    0.00    0.00    0.03    0.00    0.00   34.53    0.00    0.00    0.00   65.43
    Average:       2    0.03    0.00    0.03    0.00    0.00   33.68    0.00    0.00    0.00   66.25
    Average:       3    0.03    0.00    0.07    0.00    0.00   34.31    0.00    0.00    0.00   65.59
    Average:       4    0.00    0.00    0.00    0.00    0.00   34.47    0.00    0.00    0.00   65.53
    Average:       5    0.00    0.00    0.00    0.00    0.00   34.43    0.00    0.00    0.00   65.57
    Average:       6    0.03    0.00    0.03    0.00    0.00   33.50    0.00    0.00    0.00   66.43
    Average:       7    0.03    0.00    0.07    0.00    0.00   34.26    0.00    0.00    0.00   65.64
    Average:       8    0.00    0.00    0.03    0.00    0.00    0.00    0.00    0.00    0.00   99.97
    Average:       9    0.00    0.00    0.00    0.00    0.00    0.00    0.00    0.00    0.00  100.00
    Average:      10    0.00    0.00    0.00    0.00    0.00    0.00    0.00    0.00    0.00  100.00
    Average:      11    0.03    0.00    0.00    0.00    0.00    0.00    0.00    0.00    0.00   99.97
    Average:      12    0.00    0.00    0.00    0.00    0.00    0.00    0.00    0.00    0.00  100.00
    Average:      13    0.03    0.00    0.00    0.00    0.00    0.00    0.00    0.00    0.00   99.97
    Average:      14    0.00    0.00    0.07    0.00    0.00    0.00    0.00    0.00    0.00   99.93
    Average:      15    0.03    0.00    0.07    0.00    0.00    0.00    0.00    0.00    0.00   99.90
    Average:      16    0.03    0.00    0.03    0.00    0.00    0.00    0.00    0.00    0.00   99.93
    Average:      17    0.03    0.00    0.03    0.00    0.00    0.00    0.00    0.00    0.00   99.93
    Average:      18    0.00    0.00    0.03    0.00    0.00    0.00    0.00    0.00    0.00   99.97
    Average:      19    0.00    0.00    0.00    0.00    0.00    0.00    0.00    0.00    0.00  100.00
    Average:      20    0.03    0.00    0.07    0.00    0.00    0.00    0.00    0.00    0.00   99.90
    Average:      21    0.03    0.00    0.03    0.00    0.00    0.00    0.00    0.00    0.00   99.93
    Average:      22    0.00    0.00    0.03    0.00    0.00    0.00    0.00    0.00    0.00   99.97
    Average:      23    0.00    0.00    0.03    0.00    0.00    0.00    0.00    0.00    0.00   99.97
    Average:      24    0.00    0.00    0.00    0.00    0.00    0.00    0.00    0.00    0.00  100.00
    Average:      25    0.00    0.00    0.00    0.00    0.00    0.00    0.00    0.00    0.00  100.00
    Average:      26    0.27    0.00    0.17    0.00    0.00    0.00    0.00    0.00    0.00   99.57
    Average:      27    0.00    0.00    0.00    0.00    0.00    0.00    0.00    0.00    0.00  100.00
    Average:      28    0.00    0.00    0.03    0.00    0.00    0.00    0.00    0.00    0.00   99.97
    Average:      29    0.00    0.00    0.07    0.00    0.00    0.00    0.00    0.00    0.00   99.93
    Average:      30    0.00    0.00    0.00    0.00    0.00    0.00    0.00    0.00    0.00  100.00
    Average:      31    0.00    0.00    0.03    0.00    0.00    0.00    0.00    0.00    0.00   99.97
  [iptables] DROP PPS (rule counter): 941535
  [iptables] OK: rule matched 28246056 packets
  [iptables] rule deleted
OK: no rules for 192.168.77.3->192.168.77.2 in any subsystem (lists match/empty)
== STEP 2: nftables ==
  [nftables] RX total: 28229982 pkts / 1806726986 bytes => Gbps=0.482
  [nftables] CPU (mpstat, RX cores):
    Average:     CPU    %usr   %nice    %sys %iowait    %irq   %soft  %steal  %guest  %gnice   %idle
    Average:     all    0.06    0.00    0.05    0.00    0.00    8.65    0.00    0.00    0.00   91.24
    Average:       0    0.00    0.00    0.00    0.00    0.00   34.73    0.00    0.00    0.00   65.27
    Average:       1    0.03    0.00    0.07    0.00    0.00   33.82    0.00    0.00    0.00   66.08
    Average:       2    0.00    0.00    0.00    0.00    0.00   34.46    0.00    0.00    0.00   65.54
    Average:       3    0.07    0.00    0.07    0.00    0.00   34.53    0.00    0.00    0.00   65.33
    Average:       4    0.00    0.00    0.03    0.00    0.00   34.94    0.00    0.00    0.00   65.03
    Average:       5    0.03    0.00    0.03    0.00    0.00   34.47    0.00    0.00    0.00   65.46
    Average:       6    0.00    0.00    0.03    0.00    0.00   34.68    0.00    0.00    0.00   65.29
    Average:       7    0.03    0.00    0.03    0.00    0.00   35.00    0.00    0.00    0.00   64.93
    Average:       8    0.03    0.00    0.13    0.00    0.00    0.00    0.00    0.00    0.00   99.83
    Average:       9    0.03    0.00    0.03    0.00    0.00    0.00    0.00    0.00    0.00   99.93
    Average:      10    0.00    0.00    0.03    0.00    0.00    0.00    0.00    0.00    0.00   99.97
    Average:      11    0.00    0.00    0.00    0.00    0.00    0.00    0.00    0.00    0.00  100.00
    Average:      12    0.03    0.00    0.07    0.00    0.00    0.00    0.00    0.00    0.00   99.90
    Average:      13    0.03    0.00    0.03    0.00    0.00    0.00    0.00    0.00    0.00   99.93
    Average:      14    0.03    0.00    0.00    0.00    0.00    0.00    0.00    0.00    0.00   99.97
    Average:      15    0.03    0.00    0.13    0.00    0.00    0.00    0.00    0.00    0.00   99.83
    Average:      16    0.00    0.00    0.03    0.00    0.00    0.00    0.00    0.00    0.00   99.97
    Average:      17    0.00    0.00    0.03    0.00    0.00    0.00    0.00    0.00    0.00   99.97
    Average:      18    0.00    0.00    0.03    0.00    0.00    0.00    0.00    0.00    0.00   99.97
    Average:      19    0.00    0.00    0.00    0.00    0.00    0.00    0.00    0.00    0.00  100.00
    Average:      20    0.03    0.00    0.07    0.00    0.00    0.00    0.00    0.00    0.00   99.90
    Average:      21    0.00    0.00    0.03    0.00    0.00    0.00    0.00    0.00    0.00   99.97
    Average:      22    0.03    0.00    0.03    0.00    0.00    0.00    0.00    0.00    0.00   99.93
    Average:      23    0.70    0.00    0.17    0.03    0.00    0.00    0.00    0.00    0.00   99.10
    Average:      24    0.00    0.00    0.00    0.00    0.00    0.00    0.00    0.00    0.00  100.00
    Average:      25    0.00    0.00    0.00    0.00    0.00    0.00    0.00    0.00    0.00  100.00
    Average:      26    0.03    0.00    0.03    0.00    0.00    0.00    0.00    0.00    0.00   99.93
    Average:      27    0.00    0.00    0.00    0.00    0.00    0.00    0.00    0.00    0.00  100.00
    Average:      28    0.13    0.00    0.10    0.00    0.00    0.00    0.00    0.00    0.00   99.77
    Average:      29    0.07    0.00    0.07    0.00    0.00    0.00    0.00    0.00    0.00   99.87
    Average:      30    0.27    0.00    0.10    0.00    0.00    0.00    0.00    0.00    0.00   99.63
    Average:      31    0.27    0.00    0.07    0.00    0.00    0.00    0.00    0.00    0.00   99.67
  [nftables] DROP PPS (rule counter): 941518
  [nftables] OK: rule matched 28245567 packets
  [nftables] table benchfilter deleted
FAIL: nftables already contains rule 192.168.77.3->192.168.77.2
WARN: nftables rules left after cleanup!
== STEP 3: eBPF (XDP) ==
  [ebpf] RX total: 26876759 pkts / 1720120570 bytes => Gbps=0.459
  [ebpf] CPU (mpstat, RX cores):
    Average:     CPU    %usr   %nice    %sys %iowait    %irq   %soft  %steal  %guest  %gnice   %idle
    Average:     all    0.03    0.00    0.04    0.00    0.00    4.23    0.00    0.00    0.00   95.70
    Average:       0    0.27    0.00    0.20    0.00    0.00   17.03    0.00    0.00    0.00   82.50
    Average:       1    0.30    0.00    0.13    0.00    0.00   16.79    0.00    0.00    0.00   82.77
    Average:       2    0.00    0.00    0.03    0.00    0.00   16.81    0.00    0.00    0.00   83.16
    Average:       3    0.03    0.00    0.03    0.00    0.00   17.01    0.00    0.00    0.00   82.92
    Average:       4    0.03    0.00    0.07    0.00    0.00   16.65    0.00    0.00    0.00   83.25
    Average:       5    0.00    0.00    0.07    0.00    0.00   17.10    0.00    0.00    0.00   82.83
    Average:       6    0.03    0.00    0.00    0.00    0.00   16.72    0.00    0.00    0.00   83.25
    Average:       7    0.03    0.00    0.13    0.00    0.00   16.81    0.00    0.00    0.00   83.03
    Average:       8    0.03    0.00    0.07    0.00    0.00    0.00    0.00    0.00    0.00   99.90
    Average:       9    0.03    0.00    0.07    0.00    0.00    0.00    0.00    0.00    0.00   99.90
    Average:      10    0.00    0.00    0.03    0.00    0.00    0.00    0.00    0.00    0.00   99.97
    Average:      11    0.00    0.00    0.00    0.00    0.00    0.00    0.00    0.00    0.00  100.00
    Average:      12    0.03    0.00    0.03    0.00    0.00    0.00    0.00    0.00    0.00   99.93
    Average:      13    0.03    0.00    0.03    0.00    0.00    0.00    0.00    0.00    0.00   99.93
    Average:      14    0.00    0.00    0.00    0.00    0.00    0.00    0.00    0.00    0.00  100.00
    Average:      15    0.03    0.00    0.03    0.00    0.00    0.00    0.00    0.00    0.00   99.93
    Average:      16    0.00    0.00    0.03    0.00    0.00    0.00    0.00    0.00    0.00   99.97
    Average:      17    0.00    0.00    0.03    0.00    0.00    0.00    0.00    0.00    0.00   99.97
    Average:      18    0.00    0.00    0.00    0.00    0.00    0.00    0.00    0.00    0.00  100.00
    Average:      19    0.03    0.00    0.03    0.00    0.00    0.00    0.00    0.00    0.00   99.93
    Average:      20    0.03    0.00    0.00    0.00    0.00    0.00    0.00    0.00    0.00   99.97
    Average:      21    0.00    0.00    0.03    0.00    0.00    0.00    0.00    0.00    0.00   99.97
    Average:      22    0.00    0.00    0.03    0.00    0.00    0.00    0.00    0.00    0.00   99.97
    Average:      23    0.00    0.00    0.00    0.00    0.00    0.00    0.00    0.00    0.00  100.00
    Average:      24    0.00    0.00    0.00    0.00    0.00    0.00    0.00    0.00    0.00  100.00
    Average:      25    0.00    0.00    0.00    0.00    0.00    0.00    0.00    0.00    0.00  100.00
    Average:      26    0.00    0.00    0.03    0.00    0.00    0.00    0.00    0.00    0.00   99.97
    Average:      27    0.00    0.00    0.03    0.00    0.00    0.00    0.00    0.00    0.00   99.97
    Average:      28    0.00    0.00    0.00    0.00    0.00    0.00    0.00    0.00    0.00  100.00
    Average:      29    0.00    0.00    0.00    0.00    0.00    0.00    0.00    0.00    0.00  100.00
    Average:      30    0.03    0.00    0.10    0.00    0.00    0.00    0.00    0.00    0.00   99.87
    Average:      31    0.00    0.00    0.03    0.00    0.00    0.00    0.00    0.00    0.00   99.97
  [ebpf] AclDrop PPS: 927483  (NOTE: global counter for all ACL-drops, not per-rule)
  [ebpf] RxPackets delta: 27824487  (check: traffic reaches eBPF)
  [ebpf] OK: ACL matched 27824516 packets
Deleted ACL rule 1
deleted rule id=1
  [ebpf] rule deleted
FAIL: nftables already contains rule 192.168.77.3->192.168.77.2
WARN: ebpf rules left after cleanup!
== bench_netfilter finished (all subsystems cleaned) ==
cmp3.service: Deactivated successfully.
