Started cmppv.service - /usr/bin/bash /home/ubuntu/Pulsar/benchmarks/bench_xdp.sh.
== bench_netfilter: iface=eno12399np0 dur=20 src=192.168.77.3 dst=192.168.77.2 proto=udp ===
== STEP 0: cleanliness check (no rules for 192.168.77.3->192.168.77.2 anywhere) ==
OK: no rules for 192.168.77.3->192.168.77.2 in any subsystem (lists match/empty)
== STEP 1: iptables ==
  [iptables] RX total: 25836843 pkts / 1653569384 bytes => Gbps=0.661
  [iptables] CPU (mpstat, RX cores):
    Average:     CPU    %usr   %nice    %sys %iowait    %irq   %soft  %steal  %guest  %gnice   %idle
    Average:     all    0.03    0.00    0.05    0.00    0.00   11.51    0.00    0.00    0.00   88.42
    Average:       0    0.05    0.00    0.05    0.00    0.00   45.74    0.00    0.00    0.00   54.16
    Average:       1    0.00    0.00    0.05    0.00    0.00   45.92    0.00    0.00    0.00   54.03
    Average:       2    0.00    0.00    0.05    0.00    0.00   46.27    0.00    0.00    0.00   53.68
    Average:       3    0.00    0.00    0.05    0.00    0.00   46.08    0.00    0.00    0.00   53.87
    Average:       4    0.00    0.00    0.05    0.00    0.00   46.06    0.00    0.00    0.00   53.89
    Average:       5    0.05    0.00    0.00    0.00    0.00   46.25    0.00    0.00    0.00   53.70
    Average:       6    0.05    0.00    0.00    0.00    0.00   46.35    0.00    0.00    0.00   53.60
    Average:       7    0.00    0.00    0.00    0.00    0.00   46.35    0.00    0.00    0.00   53.65
    Average:       8    0.00    0.00    0.00    0.00    0.00    0.00    0.00    0.00    0.00  100.00
    Average:       9    0.10    0.00    0.10    0.00    0.00    0.00    0.00    0.00    0.00   99.80
    Average:      10    0.00    0.00    0.15    0.00    0.00    0.00    0.00    0.00    0.00   99.85
    Average:      11    0.00    0.00    0.05    0.00    0.00    0.00    0.00    0.00    0.00   99.95
    Average:      12    0.00    0.00    0.00    0.00    0.00    0.00    0.00    0.00    0.00  100.00
    Average:      13    0.00    0.00    0.05    0.00    0.00    0.00    0.00    0.00    0.00   99.95
    Average:      14    0.00    0.00    0.00    0.00    0.00    0.00    0.00    0.00    0.00  100.00
    Average:      15    0.10    0.00    0.05    0.00    0.00    0.00    0.00    0.00    0.00   99.85
    Average:      16    0.00    0.00    0.05    0.00    0.00    0.00    0.00    0.00    0.00   99.95
    Average:      17    0.00    0.00    0.05    0.00    0.00    0.00    0.00    0.00    0.00   99.95
    Average:      18    0.05    0.00    0.05    0.00    0.00    0.00    0.00    0.00    0.00   99.90
    Average:      19    0.00    0.00    0.05    0.00    0.00    0.00    0.00    0.00    0.00   99.95
    Average:      20    0.00    0.00    0.05    0.00    0.00    0.00    0.00    0.00    0.00   99.95
    Average:      21    0.00    0.00    0.00    0.00    0.00    0.00    0.00    0.00    0.00  100.00
    Average:      22    0.05    0.00    0.20    0.00    0.00    0.00    0.00    0.00    0.00   99.75
    Average:      23    0.05    0.00    0.00    0.00    0.00    0.00    0.00    0.00    0.00   99.95
    Average:      24    0.00    0.00    0.00    0.00    0.00    0.00    0.00    0.00    0.00  100.00
    Average:      25    0.00    0.00    0.00    0.00    0.00    0.00    0.00    0.00    0.00  100.00
    Average:      26    0.00    0.00    0.10    0.00    0.00    0.00    0.00    0.00    0.00   99.90
    Average:      27    0.00    0.00    0.00    0.00    0.00    0.00    0.00    0.00    0.00  100.00
    Average:      28    0.00    0.00    0.05    0.00    0.00    0.00    0.00    0.00    0.00   99.95
    Average:      29    0.00    0.00    0.00    0.00    0.00    0.00    0.00    0.00    0.00  100.00
    Average:      30    0.40    0.00    0.20    0.00    0.00    0.00    0.00    0.00    0.00   99.40
    Average:      31    0.00    0.00    0.00    0.00    0.00    0.00    0.00    0.00    0.00  100.00
  [iptables] DROP PPS (rule counter): 1422010
  [iptables] OK: rule matched 28440216 packets
  [iptables] rule deleted
OK: no rules for 192.168.77.3->192.168.77.2 in any subsystem (lists match/empty)
== STEP 2: nftables ==
  [nftables] RX total: 31675670 pkts / 2027248488 bytes => Gbps=0.811
  [nftables] CPU (mpstat, RX cores):
    Average:     CPU    %usr   %nice    %sys %iowait    %irq   %soft  %steal  %guest  %gnice   %idle
    Average:     all    0.06    0.00    0.05    0.00    0.00   12.47    0.00    0.00    0.00   87.42
    Average:       0    0.35    0.00    0.20    0.00    0.00   50.07    0.00    0.00    0.00   49.38
    Average:       1    0.05    0.00    0.05    0.00    0.00   49.70    0.00    0.00    0.00   50.20
    Average:       2    0.00    0.00    0.00    0.00    0.00   49.85    0.00    0.00    0.00   50.15
    Average:       3    0.05    0.00    0.10    0.00    0.00   49.85    0.00    0.00    0.00   50.00
    Average:       4    0.00    0.00    0.00    0.00    0.00   49.65    0.00    0.00    0.00   50.35
    Average:       5    0.00    0.00    0.00    0.00    0.00   49.95    0.00    0.00    0.00   50.05
    Average:       6    0.00    0.00    0.10    0.00    0.00   49.72    0.00    0.00    0.00   50.18
    Average:       7    0.20    0.00    0.05    0.00    0.00   49.83    0.00    0.00    0.00   49.93
    Average:       8    0.00    0.00    0.00    0.00    0.00    0.00    0.00    0.00    0.00  100.00
    Average:       9    0.00    0.00    0.10    0.00    0.00    0.00    0.00    0.00    0.00   99.90
    Average:      10    0.05    0.00    0.05    0.00    0.00    0.00    0.00    0.00    0.00   99.90
    Average:      11    0.00    0.00    0.00    0.00    0.00    0.00    0.00    0.00    0.00  100.00
    Average:      12    0.00    0.00    0.00    0.00    0.00    0.00    0.00    0.00    0.00  100.00
    Average:      13    0.00    0.00    0.05    0.00    0.00    0.00    0.00    0.00    0.00   99.95
    Average:      14    0.00    0.00    0.00    0.00    0.00    0.00    0.00    0.00    0.00  100.00
    Average:      15    0.00    0.00    0.00    0.00    0.00    0.00    0.00    0.00    0.00  100.00
    Average:      16    0.05    0.00    0.05    0.00    0.00    0.00    0.00    0.00    0.00   99.90
    Average:      17    0.00    0.00    0.00    0.00    0.00    0.00    0.00    0.00    0.00  100.00
    Average:      18    0.00    0.00    0.00    0.00    0.00    0.00    0.00    0.00    0.00  100.00
    Average:      19    0.05    0.00    0.10    0.00    0.00    0.00    0.00    0.00    0.00   99.85
    Average:      20    0.05    0.00    0.00    0.00    0.00    0.00    0.00    0.00    0.00   99.95
    Average:      21    0.00    0.00    0.05    0.00    0.00    0.00    0.00    0.00    0.00   99.95
    Average:      22    0.05    0.00    0.10    0.00    0.00    0.00    0.00    0.00    0.00   99.85
    Average:      23    0.00    0.00    0.00    0.00    0.00    0.00    0.00    0.00    0.00  100.00
    Average:      24    0.00    0.00    0.05    0.00    0.00    0.00    0.00    0.00    0.00   99.95
    Average:      25    0.00    0.00    0.00    0.00    0.00    0.00    0.00    0.00    0.00  100.00
    Average:      26    0.85    0.00    0.30    0.10    0.00    0.00    0.00    0.00    0.00   98.75
    Average:      27    0.00    0.00    0.00    0.00    0.00    0.00    0.00    0.00    0.00  100.00
    Average:      28    0.05    0.00    0.00    0.00    0.00    0.00    0.00    0.00    0.00   99.95
    Average:      29    0.00    0.00    0.05    0.00    0.00    0.00    0.00    0.00    0.00   99.95
    Average:      30    0.00    0.00    0.05    0.00    0.00    0.00    0.00    0.00    0.00   99.95
    Average:      31    0.00    0.00    0.00    0.00    0.00    0.00    0.00    0.00    0.00  100.00
  [nftables] DROP PPS (rule counter): 1509961
  [nftables] OK: rule matched 30199224 packets
  [nftables] table benchfilter deleted
FAIL: nftables already contains rule 192.168.77.3->192.168.77.2
WARN: nftables rules left after cleanup!
== STEP 3: eBPF (XDP) ==
  [ebpf] RX total: 30252022 pkts / 1936134932 bytes => Gbps=0.774
  [ebpf] CPU (mpstat, RX cores):
    Average:     CPU    %usr   %nice    %sys %iowait    %irq   %soft  %steal  %guest  %gnice   %idle
    Average:     all    0.03    0.00    0.03    0.00    0.00    5.88    0.00    0.00    0.00   94.06
    Average:       0    0.00    0.00    0.05    0.00    0.00   23.86    0.00    0.00    0.00   76.09
    Average:       1    0.00    0.00    0.00    0.00    0.00   23.62    0.00    0.00    0.00   76.38
    Average:       2    0.05    0.00    0.00    0.00    0.00   23.09    0.00    0.00    0.00   76.86
    Average:       3    0.10    0.00    0.10    0.00    0.00   23.26    0.00    0.00    0.00   76.54
    Average:       4    0.00    0.00    0.00    0.00    0.00   23.48    0.00    0.00    0.00   76.52
    Average:       5    0.00    0.00    0.00    0.00    0.00   23.76    0.00    0.00    0.00   76.24
    Average:       6    0.00    0.00    0.00    0.00    0.00   23.31    0.00    0.00    0.00   76.69
    Average:       7    0.05    0.00    0.05    0.00    0.00   23.44    0.00    0.00    0.00   76.46
    Average:       8    0.00    0.00    0.00    0.00    0.00    0.00    0.00    0.00    0.00  100.00
    Average:       9    0.00    0.00    0.05    0.00    0.00    0.00    0.00    0.00    0.00   99.95
    Average:      10    0.00    0.00    0.05    0.00    0.00    0.00    0.00    0.00    0.00   99.95
    Average:      11    0.05    0.00    0.00    0.00    0.00    0.00    0.00    0.00    0.00   99.95
    Average:      12    0.00    0.00    0.00    0.00    0.00    0.00    0.00    0.00    0.00  100.00
    Average:      13    0.05    0.00    0.00    0.00    0.00    0.00    0.00    0.00    0.00   99.95
    Average:      14    0.00    0.00    0.00    0.00    0.00    0.00    0.00    0.00    0.00  100.00
    Average:      15    0.05    0.00    0.05    0.00    0.00    0.00    0.00    0.00    0.00   99.90
    Average:      16    0.00    0.00    0.05    0.00    0.00    0.00    0.00    0.00    0.00   99.95
    Average:      17    0.05    0.00    0.05    0.00    0.00    0.00    0.00    0.00    0.00   99.90
    Average:      18    0.00    0.00    0.05    0.00    0.00    0.00    0.00    0.00    0.00   99.95
    Average:      19    0.00    0.00    0.00    0.00    0.00    0.00    0.00    0.00    0.00  100.00
    Average:      20    0.00    0.00    0.10    0.00    0.00    0.00    0.00    0.00    0.00   99.90
    Average:      21    0.05    0.00    0.05    0.00    0.00    0.00    0.00    0.00    0.00   99.90
    Average:      22    0.00    0.00    0.00    0.00    0.00    0.00    0.00    0.00    0.00  100.00
    Average:      23    0.05    0.00    0.05    0.00    0.00    0.00    0.00    0.00    0.00   99.90
    Average:      24    0.00    0.00    0.05    0.00    0.00    0.00    0.00    0.00    0.00   99.95
    Average:      25    0.00    0.00    0.00    0.00    0.00    0.00    0.00    0.00    0.00  100.00
    Average:      26    0.00    0.00    0.00    0.00    0.00    0.00    0.00    0.00    0.00  100.00
    Average:      27    0.00    0.00    0.00    0.00    0.00    0.00    0.00    0.00    0.00  100.00
    Average:      28    0.00    0.00    0.05    0.00    0.00    0.00    0.00    0.00    0.00   99.95
    Average:      29    0.05    0.00    0.00    0.00    0.00    0.00    0.00    0.00    0.00   99.95
    Average:      30    0.40    0.00    0.20    0.00    0.00    0.00    0.00    0.00    0.00   99.40
    Average:      31    0.05    0.00    0.00    0.00    0.00    0.00    0.00    0.00    0.00   99.95
  [ebpf] AclDrop PPS: 1515364  (NOTE: global counter for all ACL-drops, not per-rule)
  [ebpf] RxPackets delta: 30307266  (check: traffic reaches eBPF)
  [ebpf] OK: ACL matched 30307294 packets
Deleted ACL rule 1
deleted rule id=1
  [ebpf] rule deleted
FAIL: nftables already contains rule 192.168.77.3->192.168.77.2
WARN: ebpf rules left after cleanup!
== bench_netfilter finished (all subsystems cleaned) ==
cmppv.service: Deactivated successfully.
