Started bench-cmp.service - /usr/bin/bash /home/ubuntu/Pulsar/benchmarks/bench_xdp.sh.
== bench_netfilter: iface=eno12399np0 dur=30 src=192.168.77.3 dst=192.168.77.2 proto=udp ===
== STEP 0: cleanliness check (no rules for 192.168.77.3->192.168.77.2 anywhere) ==
OK: no rules for 192.168.77.3->192.168.77.2 in any subsystem (lists match/empty)
== STEP 1: iptables ==
  [iptables] RX total: 27298172 pkts / 1747088152 bytes => Gbps=0.466
  [iptables] CPU (mpstat, RX cores):
    Average:     CPU    %usr   %nice    %sys %iowait    %irq   %soft  %steal  %guest  %gnice   %idle
    Average:     all    0.02    0.00    0.03    0.00    0.00    8.41    0.00    0.00    0.00   91.54
    Average:       0    0.03    0.00    0.10    0.00    0.00   34.17    0.00    0.00    0.00   65.70
    Average:       1    0.03    0.00    0.03    0.00    0.00   33.68    0.00    0.00    0.00   66.25
    Average:       2    0.00    0.00    0.07    0.00    0.00   33.76    0.00    0.00    0.00   66.17
    Average:       3    0.00    0.00    0.00    0.00    0.00   33.54    0.00    0.00    0.00   66.46
    Average:       4    0.00    0.00    0.00    0.00    0.00   33.99    0.00    0.00    0.00   66.01
    Average:       5    0.03    0.00    0.03    0.00    0.00   33.15    0.00    0.00    0.00   66.78
    Average:       6    0.00    0.00    0.03    0.00    0.00   34.18    0.00    0.00    0.00   65.79
    Average:       7    0.00    0.00    0.07    0.00    0.00   33.73    0.00    0.00    0.00   66.20
    Average:       8    0.00    0.00    0.00    0.00    0.00    0.00    0.00    0.00    0.00  100.00
    Average:       9    0.00    0.00    0.00    0.00    0.00    0.00    0.00    0.00    0.00  100.00
    Average:      10    0.03    0.00    0.00    0.00    0.00    0.00    0.00    0.00    0.00   99.97
    Average:      11    0.03    0.00    0.03    0.00    0.00    0.00    0.00    0.00    0.00   99.93
    Average:      12    0.00    0.00    0.00    0.00    0.00    0.00    0.00    0.00    0.00  100.00
    Average:      13    0.00    0.00    0.00    0.00    0.00    0.00    0.00    0.00    0.00  100.00
    Average:      14    0.03    0.00    0.10    0.00    0.00    0.00    0.00    0.00    0.00   99.87
    Average:      15    0.00    0.00    0.03    0.00    0.00    0.00    0.00    0.00    0.00   99.97
    Average:      16    0.00    0.00    0.00    0.00    0.00    0.00    0.00    0.00    0.00  100.00
    Average:      17    0.00    0.00    0.00    0.00    0.00    0.00    0.00    0.00    0.00  100.00
    Average:      18    0.00    0.00    0.00    0.00    0.00    0.00    0.00    0.00    0.00  100.00
    Average:      19    0.00    0.00    0.00    0.00    0.00    0.00    0.00    0.00    0.00  100.00
    Average:      20    0.00    0.00    0.03    0.00    0.00    0.00    0.00    0.00    0.00   99.97
    Average:      21    0.00    0.00    0.03    0.00    0.00    0.00    0.00    0.00    0.00   99.97
    Average:      22    0.00    0.00    0.00    0.00    0.00    0.00    0.00    0.00    0.00  100.00
    Average:      23    0.00    0.00    0.07    0.00    0.00    0.00    0.00    0.00    0.00   99.93
    Average:      24    0.03    0.00    0.00    0.00    0.00    0.00    0.00    0.00    0.00   99.97
    Average:      25    0.00    0.00    0.00    0.00    0.00    0.00    0.00    0.00    0.00  100.00
    Average:      26    0.00    0.00    0.07    0.00    0.00    0.00    0.00    0.00    0.00   99.93
    Average:      27    0.30    0.00    0.10    0.00    0.00    0.00    0.00    0.00    0.00   99.60
    Average:      28    0.00    0.00    0.03    0.00    0.00    0.00    0.00    0.00    0.00   99.97
    Average:      29    0.03    0.00    0.03    0.00    0.00    0.00    0.00    0.00    0.00   99.93
    Average:      30    0.00    0.00    0.03    0.00    0.00    0.00    0.00    0.00    0.00   99.97
    Average:      31    0.00    0.00    0.03    0.00    0.00    0.00    0.00    0.00    0.00   99.97
  [iptables] DROP PPS (rule counter): 942348
  [iptables] OK: rule matched 28270466 packets
  [iptables] rule deleted
OK: no rules for 192.168.77.3->192.168.77.2 in any subsystem (lists match/empty)
== STEP 2: nftables ==
  [nftables] RX total: 27907008 pkts / 1786057999 bytes => Gbps=0.476
  [nftables] CPU (mpstat, RX cores):
    Average:     CPU    %usr   %nice    %sys %iowait    %irq   %soft  %steal  %guest  %gnice   %idle
    Average:     all    0.04    0.00    0.04    0.00    0.00    8.57    0.00    0.00    0.00   91.35
    Average:       0    0.03    0.00    0.03    0.00    0.00   34.30    0.00    0.00    0.00   65.63
    Average:       1    0.03    0.00    0.07    0.00    0.00   34.52    0.00    0.00    0.00   65.38
    Average:       2    0.03    0.00    0.00    0.00    0.00   34.40    0.00    0.00    0.00   65.57
    Average:       3    0.07    0.00    0.10    0.00    0.00   34.44    0.00    0.00    0.00   65.39
    Average:       4    0.00    0.00    0.00    0.00    0.00   33.80    0.00    0.00    0.00   66.20
    Average:       5    0.00    0.00    0.03    0.00    0.00   34.42    0.00    0.00    0.00   65.55
    Average:       6    0.03    0.00    0.00    0.00    0.00   34.57    0.00    0.00    0.00   65.39
    Average:       7    0.03    0.00    0.07    0.00    0.00   33.47    0.00    0.00    0.00   66.43
    Average:       8    0.03    0.00    0.00    0.00    0.00    0.00    0.00    0.00    0.00   99.97
    Average:       9    0.03    0.00    0.03    0.00    0.00    0.00    0.00    0.00    0.00   99.93
    Average:      10    0.00    0.00    0.03    0.00    0.00    0.00    0.00    0.00    0.00   99.97
    Average:      11    0.00    0.00    0.00    0.00    0.00    0.00    0.00    0.00    0.00  100.00
    Average:      12    0.00    0.00    0.03    0.00    0.00    0.00    0.00    0.00    0.00   99.97
    Average:      13    0.00    0.00    0.03    0.00    0.00    0.00    0.00    0.00    0.00   99.97
    Average:      14    0.07    0.00    0.10    0.00    0.00    0.00    0.00    0.00    0.00   99.83
    Average:      15    0.03    0.00    0.03    0.00    0.00    0.00    0.00    0.00    0.00   99.93
    Average:      16    0.07    0.00    0.07    0.00    0.00    0.00    0.00    0.00    0.00   99.87
    Average:      17    0.00    0.00    0.00    0.00    0.00    0.00    0.00    0.00    0.00  100.00
    Average:      18    0.00    0.00    0.00    0.00    0.00    0.00    0.00    0.00    0.00  100.00
    Average:      19    0.03    0.00    0.00    0.00    0.00    0.00    0.00    0.00    0.00   99.97
    Average:      20    0.03    0.00    0.03    0.00    0.00    0.00    0.00    0.00    0.00   99.93
    Average:      21    0.30    0.00    0.13    0.00    0.00    0.00    0.00    0.00    0.00   99.57
    Average:      22    0.00    0.00    0.03    0.00    0.00    0.00    0.00    0.00    0.00   99.97
    Average:      23    0.33    0.00    0.10    0.00    0.00    0.00    0.00    0.00    0.00   99.57
    Average:      24    0.00    0.00    0.00    0.00    0.00    0.00    0.00    0.00    0.00  100.00
    Average:      25    0.03    0.00    0.03    0.00    0.00    0.00    0.00    0.00    0.00   99.93
    Average:      26    0.03    0.00    0.07    0.00    0.00    0.00    0.00    0.00    0.00   99.90
    Average:      27    0.00    0.00    0.07    0.00    0.00    0.00    0.00    0.00    0.00   99.93
    Average:      28    0.03    0.00    0.03    0.00    0.00    0.00    0.00    0.00    0.00   99.93
    Average:      29    0.03    0.00    0.03    0.00    0.00    0.00    0.00    0.00    0.00   99.93
    Average:      30    0.00    0.00    0.00    0.00    0.00    0.00    0.00    0.00    0.00  100.00
    Average:      31    0.00    0.00    0.00    0.00    0.00    0.00    0.00    0.00    0.00  100.00
  [nftables] DROP PPS (rule counter): 930185
  [nftables] OK: rule matched 27905578 packets
  [nftables] table benchfilter deleted
FAIL: nftables already contains rule 192.168.77.3->192.168.77.2
WARN: nftables rules left after cleanup!
== STEP 3: eBPF (XDP) ==
  [ebpf] RX total: 28696234 pkts / 1836564804 bytes => Gbps=0.490
  [ebpf] CPU (mpstat, RX cores):
    Average:     CPU    %usr   %nice    %sys %iowait    %irq   %soft  %steal  %guest  %gnice   %idle
    Average:     all    0.04    0.00    0.04    0.00    0.00    4.20    0.00    0.00    0.00   95.72
    Average:       0    0.03    0.00    0.07    0.00    0.00   16.61    0.00    0.00    0.00   83.29
    Average:       1    0.00    0.00    0.03    0.00    0.00   16.88    0.00    0.00    0.00   83.08
    Average:       2    0.00    0.00    0.07    0.00    0.00   16.91    0.00    0.00    0.00   83.02
    Average:       3    0.00    0.00    0.03    0.00    0.00   17.10    0.00    0.00    0.00   82.87
    Average:       4    0.03    0.00    0.00    0.00    0.00   16.63    0.00    0.00    0.00   83.34
    Average:       5    0.00    0.00    0.00    0.00    0.00   16.78    0.00    0.00    0.00   83.22
    Average:       6    0.00    0.00    0.03    0.00    0.00   16.69    0.00    0.00    0.00   83.28
    Average:       7    0.00    0.00    0.07    0.00    0.00   16.64    0.00    0.00    0.00   83.29
    Average:       8    0.00    0.00    0.03    0.00    0.00    0.00    0.00    0.00    0.00   99.97
    Average:       9    0.00    0.00    0.00    0.00    0.00    0.00    0.00    0.00    0.00  100.00
    Average:      10    0.00    0.00    0.00    0.00    0.00    0.00    0.00    0.00    0.00  100.00
    Average:      11    0.00    0.00    0.00    0.00    0.00    0.00    0.00    0.00    0.00  100.00
    Average:      12    0.00    0.00    0.00    0.00    0.00    0.00    0.00    0.00    0.00  100.00
    Average:      13    0.57    0.00    0.13    0.07    0.00    0.00    0.00    0.00    0.00   99.23
    Average:      14    0.03    0.00    0.13    0.00    0.00    0.00    0.00    0.00    0.00   99.83
    Average:      15    0.00    0.00    0.00    0.00    0.00    0.00    0.00    0.00    0.00  100.00
    Average:      16    0.13    0.00    0.03    0.00    0.00    0.00    0.00    0.00    0.00   99.83
    Average:      17    0.03    0.00    0.00    0.00    0.00    0.00    0.00    0.00    0.00   99.97
    Average:      18    0.00    0.00    0.03    0.00    0.00    0.00    0.00    0.00    0.00   99.97
    Average:      19    0.00    0.00    0.03    0.00    0.00    0.00    0.00    0.00    0.00   99.97
    Average:      20    0.03    0.00    0.10    0.00    0.00    0.00    0.00    0.00    0.00   99.87
    Average:      21    0.00    0.00    0.03    0.00    0.00    0.00    0.00    0.00    0.00   99.97
    Average:      22    0.03    0.00    0.07    0.00    0.00    0.00    0.00    0.00    0.00   99.90
    Average:      23    0.00    0.00    0.03    0.00    0.00    0.00    0.00    0.00    0.00   99.97
    Average:      24    0.00    0.00    0.07    0.00    0.00    0.00    0.00    0.00    0.00   99.93
    Average:      25    0.00    0.00    0.00    0.00    0.00    0.00    0.00    0.00    0.00  100.00
    Average:      26    0.00    0.00    0.03    0.00    0.00    0.00    0.00    0.00    0.00   99.97
    Average:      27    0.27    0.00    0.10    0.00    0.00    0.00    0.00    0.00    0.00   99.63
    Average:      28    0.00    0.00    0.00    0.00    0.00    0.00    0.00    0.00    0.00  100.00
    Average:      29    0.03    0.00    0.03    0.00    0.00    0.00    0.00    0.00    0.00   99.93
    Average:      30    0.00    0.00    0.00    0.00    0.00    0.00    0.00    0.00    0.00  100.00
    Average:      31    0.00    0.00    0.00    0.00    0.00    0.00    0.00    0.00    0.00  100.00
  [ebpf] AclDrop PPS: 926741  (NOTE: global counter for all ACL-drops, not per-rule)
  [ebpf] RxPackets delta: 27802392  (check: traffic reaches eBPF)
  [ebpf] OK: ACL matched 27802256 packets
Deleted ACL rule 1
deleted rule id=1
  [ebpf] rule deleted
FAIL: nftables already contains rule 192.168.77.3->192.168.77.2
WARN: ebpf rules left after cleanup!
== bench_netfilter finished (all subsystems cleaned) ==
bench-cmp.service: Deactivated successfully.
