Started cmppub.service - /usr/bin/bash /home/ubuntu/Pulsar/benchmarks/bench_xdp.sh.
== bench_netfilter: iface=eno12399np0 dur=20 src=195.154.212.27 dst=195.154.212.11 proto=udp ===
== STEP 0: cleanliness check (no rules for 195.154.212.27->195.154.212.11 anywhere) ==
OK: no rules for 195.154.212.27->195.154.212.11 in any subsystem (lists match/empty)
== STEP 1: iptables ==
  [iptables] RX total: 27550364 pkts / 1763235056 bytes => Gbps=0.705
  [iptables] CPU (mpstat, RX cores):
    Average:     CPU    %usr   %nice    %sys %iowait    %irq   %soft  %steal  %guest  %gnice   %idle
    Average:     all    0.04    0.00    0.04    0.00    0.00   10.02    0.00    0.00    0.00   89.90
    Average:       0    0.05    0.00    0.05    0.00    0.00   39.98    0.00    0.00    0.00   59.92
    Average:       1    0.00    0.00    0.00    0.00    0.00   39.96    0.00    0.00    0.00   60.04
    Average:       2    0.00    0.00    0.00    0.00    0.00   40.04    0.00    0.00    0.00   59.96
    Average:       3    0.45    0.00    0.20    0.00    0.00   40.05    0.00    0.00    0.00   59.30
    Average:       4    0.00    0.00    0.05    0.00    0.00   40.10    0.00    0.00    0.00   59.85
    Average:       5    0.00    0.00    0.05    0.00    0.00   40.30    0.00    0.00    0.00   59.65
    Average:       6    0.05    0.00    0.05    0.00    0.00   40.28    0.00    0.00    0.00   59.62
    Average:       7    0.05    0.00    0.10    0.00    0.00   40.25    0.00    0.00    0.00   59.60
    Average:       8    0.00    0.00    0.05    0.00    0.00    0.00    0.00    0.00    0.00   99.95
    Average:       9    0.00    0.00    0.05    0.00    0.00    0.00    0.00    0.00    0.00   99.95
    Average:      10    0.00    0.00    0.00    0.00    0.00    0.00    0.00    0.00    0.00  100.00
    Average:      11    0.00    0.00    0.00    0.00    0.00    0.00    0.00    0.00    0.00  100.00
    Average:      12    0.05    0.00    0.05    0.00    0.00    0.00    0.00    0.00    0.00   99.90
    Average:      13    0.00    0.00    0.00    0.00    0.00    0.00    0.00    0.00    0.00  100.00
    Average:      14    0.00    0.00    0.00    0.00    0.00    0.00    0.00    0.00    0.00  100.00
    Average:      15    0.00    0.00    0.00    0.00    0.00    0.00    0.00    0.00    0.00  100.00
    Average:      16    0.05    0.00    0.00    0.00    0.00    0.00    0.00    0.00    0.00   99.95
    Average:      17    0.05    0.00    0.05    0.00    0.00    0.00    0.00    0.00    0.00   99.90
    Average:      18    0.05    0.00    0.10    0.00    0.00    0.00    0.00    0.00    0.00   99.85
    Average:      19    0.05    0.00    0.00    0.00    0.00    0.00    0.00    0.00    0.00   99.95
    Average:      20    0.00    0.00    0.10    0.00    0.00    0.00    0.00    0.00    0.00   99.90
    Average:      21    0.00    0.00    0.00    0.00    0.00    0.00    0.00    0.00    0.00  100.00
    Average:      22    0.05    0.00    0.05    0.00    0.00    0.00    0.00    0.00    0.00   99.90
    Average:      23    0.00    0.00    0.00    0.00    0.00    0.00    0.00    0.00    0.00  100.00
    Average:      24    0.05    0.00    0.00    0.00    0.00    0.00    0.00    0.00    0.00   99.95
    Average:      25    0.00    0.00    0.00    0.00    0.00    0.00    0.00    0.00    0.00  100.00
    Average:      26    0.00    0.00    0.05    0.00    0.00    0.00    0.00    0.00    0.00   99.95
    Average:      27    0.00    0.00    0.05    0.00    0.00    0.00    0.00    0.00    0.00   99.95
    Average:      28    0.05    0.00    0.05    0.00    0.00    0.00    0.00    0.00    0.00   99.90
    Average:      29    0.05    0.00    0.05    0.00    0.00    0.00    0.00    0.00    0.00   99.90
    Average:      30    0.05    0.00    0.05    0.00    0.00    0.00    0.00    0.00    0.00   99.90
    Average:      31    0.05    0.00    0.10    0.00    0.00    0.00    0.00    0.00    0.00   99.85
  [iptables] DROP PPS (rule counter): 1410353
  [iptables] OK: rule matched 28207072 packets
  [iptables] rule deleted
OK: no rules for 195.154.212.27->195.154.212.11 in any subsystem (lists match/empty)
== STEP 2: nftables ==
  [nftables] RX total: 28420288 pkts / 1818902668 bytes => Gbps=0.728
  [nftables] CPU (mpstat, RX cores):
    Average:     CPU    %usr   %nice    %sys %iowait    %irq   %soft  %steal  %guest  %gnice   %idle
    Average:     all    0.02    0.00    0.04    0.00    0.00   10.87    0.00    0.00    0.00   89.07
    Average:       0    0.40    0.00    0.15    0.00    0.00   43.46    0.00    0.00    0.00   55.99
    Average:       1    0.00    0.00    0.05    0.00    0.00   43.61    0.00    0.00    0.00   56.34
    Average:       2    0.05    0.00    0.10    0.00    0.00   43.78    0.00    0.00    0.00   56.07
    Average:       3    0.05    0.00    0.00    0.00    0.00   43.05    0.00    0.00    0.00   56.90
    Average:       4    0.05    0.00    0.00    0.00    0.00   43.16    0.00    0.00    0.00   56.79
    Average:       5    0.05    0.00    0.10    0.00    0.00   43.38    0.00    0.00    0.00   56.47
    Average:       6    0.00    0.00    0.05    0.00    0.00   43.25    0.00    0.00    0.00   56.70
    Average:       7    0.00    0.00    0.05    0.00    0.00   43.58    0.00    0.00    0.00   56.37
    Average:       8    0.00    0.00    0.00    0.00    0.00    0.00    0.00    0.00    0.00  100.00
    Average:       9    0.05    0.00    0.10    0.00    0.00    0.00    0.00    0.00    0.00   99.85
    Average:      10    0.00    0.00    0.05    0.00    0.00    0.00    0.00    0.00    0.00   99.95
    Average:      11    0.00    0.00    0.00    0.00    0.00    0.00    0.00    0.00    0.00  100.00
    Average:      12    0.00    0.00    0.05    0.00    0.00    0.00    0.00    0.00    0.00   99.95
    Average:      13    0.00    0.00    0.10    0.00    0.00    0.00    0.00    0.00    0.00   99.90
    Average:      14    0.05    0.00    0.05    0.00    0.00    0.00    0.00    0.00    0.00   99.90
    Average:      15    0.00    0.00    0.00    0.00    0.00    0.00    0.00    0.00    0.00  100.00
    Average:      16    0.00    0.00    0.05    0.00    0.00    0.00    0.00    0.00    0.00   99.95
    Average:      17    0.05    0.00    0.05    0.00    0.00    0.00    0.00    0.00    0.00   99.90
    Average:      18    0.00    0.00    0.00    0.00    0.00    0.00    0.00    0.00    0.00  100.00
    Average:      19    0.00    0.00    0.00    0.00    0.00    0.00    0.00    0.00    0.00  100.00
    Average:      20    0.00    0.00    0.00    0.00    0.00    0.00    0.00    0.00    0.00  100.00
    Average:      21    0.05    0.00    0.05    0.00    0.00    0.00    0.00    0.00    0.00   99.90
    Average:      22    0.00    0.00    0.00    0.00    0.00    0.00    0.00    0.00    0.00  100.00
    Average:      23    0.00    0.00    0.00    0.00    0.00    0.00    0.00    0.00    0.00  100.00
    Average:      24    0.00    0.00    0.05    0.00    0.00    0.00    0.00    0.00    0.00   99.95
    Average:      25    0.00    0.00    0.00    0.00    0.00    0.00    0.00    0.00    0.00  100.00
    Average:      26    0.00    0.00    0.00    0.00    0.00    0.00    0.00    0.00    0.00  100.00
    Average:      27    0.00    0.00    0.00    0.00    0.00    0.00    0.00    0.00    0.00  100.00
    Average:      28    0.00    0.00    0.05    0.00    0.00    0.00    0.00    0.00    0.00   99.95
    Average:      29    0.00    0.00    0.05    0.00    0.00    0.00    0.00    0.00    0.00   99.95
    Average:      30    0.00    0.00    0.00    0.00    0.00    0.00    0.00    0.00    0.00  100.00
    Average:      31    0.00    0.00    0.00    0.00    0.00    0.00    0.00    0.00    0.00  100.00
  [nftables] DROP PPS (rule counter): 1497442
  [nftables] OK: rule matched 29948858 packets
  [nftables] table benchfilter deleted
FAIL: nftables already contains rule 195.154.212.27->195.154.212.11
WARN: nftables rules left after cleanup!
== STEP 3: eBPF (XDP) ==
  [ebpf] RX total: 31423276 pkts / 2011093944 bytes => Gbps=0.804
  [ebpf] CPU (mpstat, RX cores):
    Average:     CPU    %usr   %nice    %sys %iowait    %irq   %soft  %steal  %guest  %gnice   %idle
    Average:     all    0.03    0.00    0.03    0.00    0.00    5.34    0.00    0.00    0.00   94.60
    Average:       0    0.00    0.00    0.00    0.00    0.00   21.73    0.00    0.00    0.00   78.27
    Average:       1    0.05    0.00    0.05    0.00    0.00   21.57    0.00    0.00    0.00   78.33
    Average:       2    0.00    0.00    0.00    0.00    0.00   21.44    0.00    0.00    0.00   78.56
    Average:       3    0.00    0.00    0.05    0.00    0.00   21.22    0.00    0.00    0.00   78.73
    Average:       4    0.00    0.00    0.00    0.00    0.00   21.27    0.00    0.00    0.00   78.73
    Average:       5    0.05    0.00    0.10    0.00    0.00   21.21    0.00    0.00    0.00   78.64
    Average:       6    0.00    0.00    0.00    0.00    0.00   21.23    0.00    0.00    0.00   78.77
    Average:       7    0.10    0.00    0.10    0.00    0.00   21.20    0.00    0.00    0.00   78.60
    Average:       8    0.05    0.00    0.05    0.00    0.00    0.00    0.00    0.00    0.00   99.90
    Average:       9    0.00    0.00    0.05    0.00    0.00    0.00    0.00    0.00    0.00   99.95
    Average:      10    0.00    0.00    0.00    0.00    0.00    0.00    0.00    0.00    0.00  100.00
    Average:      11    0.00    0.00    0.00    0.00    0.00    0.00    0.00    0.00    0.00  100.00
    Average:      12    0.40    0.00    0.30    0.00    0.00    0.00    0.00    0.00    0.00   99.30
    Average:      13    0.00    0.00    0.05    0.00    0.00    0.00    0.00    0.00    0.00   99.95
    Average:      14    0.00    0.00    0.00    0.00    0.00    0.00    0.00    0.00    0.00  100.00
    Average:      15    0.05    0.00    0.00    0.00    0.00    0.00    0.00    0.00    0.00   99.95
    Average:      16    0.00    0.00    0.05    0.00    0.00    0.00    0.00    0.00    0.00   99.95
    Average:      17    0.00    0.00    0.00    0.00    0.00    0.00    0.00    0.00    0.00  100.00
    Average:      18    0.00    0.00    0.00    0.00    0.00    0.00    0.00    0.00    0.00  100.00
    Average:      19    0.00    0.00    0.00    0.00    0.00    0.00    0.00    0.00    0.00  100.00
    Average:      20    0.00    0.00    0.05    0.00    0.00    0.00    0.00    0.00    0.00   99.95
    Average:      21    0.00    0.00    0.00    0.00    0.00    0.00    0.00    0.00    0.00  100.00
    Average:      22    0.00    0.00    0.05    0.00    0.00    0.00    0.00    0.00    0.00   99.95
    Average:      23    0.05    0.00    0.00    0.00    0.00    0.00    0.00    0.00    0.00   99.95
    Average:      24    0.00    0.00    0.00    0.00    0.00    0.00    0.00    0.00    0.00  100.00
    Average:      25    0.00    0.00    0.00    0.00    0.00    0.00    0.00    0.00    0.00  100.00
    Average:      26    0.00    0.00    0.10    0.00    0.00    0.00    0.00    0.00    0.00   99.90
    Average:      27    0.05    0.00    0.00    0.00    0.00    0.00    0.00    0.00    0.00   99.95
    Average:      28    0.00    0.00    0.00    0.00    0.00    0.00    0.00    0.00    0.00  100.00
    Average:      29    0.00    0.00    0.05    0.00    0.00    0.00    0.00    0.00    0.00   99.95
    Average:      30    0.00    0.00    0.05    0.00    0.00    0.00    0.00    0.00    0.00   99.95
    Average:      31    0.00    0.00    0.00    0.00    0.00    0.00    0.00    0.00    0.00  100.00
  [ebpf] AclDrop PPS: 1498942  (NOTE: global counter for all ACL-drops, not per-rule)
  [ebpf] RxPackets delta: 29978815  (check: traffic reaches eBPF)
  [ebpf] OK: ACL matched 29978849 packets
Deleted ACL rule 2
deleted rule id=2
  [ebpf] rule deleted
FAIL: nftables already contains rule 195.154.212.27->195.154.212.11
WARN: ebpf rules left after cleanup!
== bench_netfilter finished (all subsystems cleaned) ==
cmppub.service: Deactivated successfully.
