Started cmphi.service - /usr/bin/bash /home/ubuntu/Pulsar/benchmarks/bench_xdp.sh.
== bench_netfilter: iface=eno12399np0 dur=20 src=195.154.212.27 dst=195.154.212.11 proto=udp ===
== STEP 0: cleanliness check (no rules for 195.154.212.27->195.154.212.11 anywhere) ==
OK: no rules for 195.154.212.27->195.154.212.11 in any subsystem (lists match/empty)
== STEP 1: iptables ==
  [iptables] RX total: 33712466 pkts / 2157611024 bytes => Gbps=0.863
  [iptables] CPU (mpstat, RX cores):
    Average:     CPU    %usr   %nice    %sys %iowait    %irq   %soft  %steal  %guest  %gnice   %idle
    Average:     all    0.03    0.00    0.05    0.00    0.00   12.19    0.00    0.00    0.00   87.73
    Average:       0    0.05    0.00    0.05    0.00    0.00   49.20    0.00    0.00    0.00   50.70
    Average:       1    0.50    0.00    0.25    0.00    0.00   48.71    0.00    0.00    0.00   50.53
    Average:       2    0.00    0.00    0.00    0.00    0.00   48.94    0.00    0.00    0.00   51.06
    Average:       3    0.00    0.00    0.05    0.00    0.00   48.81    0.00    0.00    0.00   51.14
    Average:       4    0.00    0.00    0.05    0.00    0.00   48.94    0.00    0.00    0.00   51.01
    Average:       5    0.05    0.00    0.10    0.00    0.00   48.69    0.00    0.00    0.00   51.16
    Average:       6    0.05    0.00    0.10    0.00    0.00   49.17    0.00    0.00    0.00   50.68
    Average:       7    0.00    0.00    0.05    0.00    0.00   49.12    0.00    0.00    0.00   50.83
    Average:       8    0.00    0.00    0.05    0.00    0.00    0.05    0.00    0.00    0.00   99.90
    Average:       9    0.00    0.00    0.05    0.00    0.00    0.00    0.00    0.00    0.00   99.95
    Average:      10    0.00    0.00    0.05    0.00    0.00    0.00    0.00    0.00    0.00   99.95
    Average:      11    0.00    0.00    0.00    0.00    0.00    0.00    0.00    0.00    0.00  100.00
    Average:      12    0.05    0.00    0.15    0.00    0.00    0.00    0.00    0.00    0.00   99.80
    Average:      13    0.05    0.00    0.00    0.00    0.00    0.00    0.00    0.00    0.00   99.95
    Average:      14    0.00    0.00    0.05    0.00    0.00    0.00    0.00    0.00    0.00   99.95
    Average:      15    0.00    0.00    0.05    0.00    0.00    0.00    0.00    0.00    0.00   99.95
    Average:      16    0.00    0.00    0.05    0.00    0.00    0.00    0.00    0.00    0.00   99.95
    Average:      17    0.05    0.00    0.00    0.00    0.00    0.00    0.00    0.00    0.00   99.95
    Average:      18    0.00    0.00    0.05    0.00    0.00    0.00    0.00    0.00    0.00   99.95
    Average:      19    0.00    0.00    0.00    0.00    0.00    0.00    0.00    0.00    0.00  100.00
    Average:      20    0.00    0.00    0.00    0.00    0.00    0.00    0.00    0.00    0.00  100.00
    Average:      21    0.05    0.00    0.05    0.00    0.00    0.00    0.00    0.00    0.00   99.90
    Average:      22    0.00    0.00    0.05    0.00    0.00    0.00    0.00    0.00    0.00   99.95
    Average:      23    0.00    0.00    0.05    0.00    0.00    0.00    0.00    0.00    0.00   99.95
    Average:      24    0.00    0.00    0.00    0.00    0.00    0.00    0.00    0.00    0.00  100.00
    Average:      25    0.00    0.00    0.00    0.00    0.00    0.00    0.00    0.00    0.00  100.00
    Average:      26    0.00    0.00    0.05    0.00    0.00    0.00    0.00    0.00    0.00   99.95
    Average:      27    0.00    0.00    0.05    0.00    0.00    0.00    0.00    0.00    0.00   99.95
    Average:      28    0.00    0.00    0.05    0.00    0.00    0.00    0.00    0.00    0.00   99.95
    Average:      29    0.00    0.00    0.05    0.00    0.00    0.00    0.00    0.00    0.00   99.95
    Average:      30    0.05    0.00    0.05    0.00    0.00    0.00    0.00    0.00    0.00   99.90
    Average:      31    0.00    0.00    0.05    0.00    0.00    0.00    0.00    0.00    0.00   99.95
  [iptables] DROP PPS (rule counter): 1756361
  [iptables] OK: rule matched 35127231 packets
  [iptables] rule deleted
OK: no rules for 195.154.212.27->195.154.212.11 in any subsystem (lists match/empty)
== STEP 2: nftables ==
  [nftables] RX total: 36763455 pkts / 2352866598 bytes => Gbps=0.941
  [nftables] CPU (mpstat, RX cores):
    Average:     CPU    %usr   %nice    %sys %iowait    %irq   %soft  %steal  %guest  %gnice   %idle
    Average:     all    0.03    0.00    0.03    0.00    0.00   13.29    0.00    0.00    0.00   86.65
    Average:       0    0.00    0.00    0.05    0.00    0.00   52.65    0.00    0.00    0.00   47.30
    Average:       1    0.00    0.00    0.00    0.00    0.00   52.91    0.00    0.00    0.00   47.09
    Average:       2    0.05    0.00    0.05    0.00    0.00   52.91    0.00    0.00    0.00   46.99
    Average:       3    0.05    0.00    0.05    0.00    0.00   52.86    0.00    0.00    0.00   47.04
    Average:       4    0.00    0.00    0.00    0.00    0.00   52.86    0.00    0.00    0.00   47.14
    Average:       5    0.00    0.00    0.05    0.00    0.00   53.16    0.00    0.00    0.00   46.79
    Average:       6    0.00    0.00    0.00    0.00    0.00   53.08    0.00    0.00    0.00   46.92
    Average:       7    0.05    0.00    0.05    0.00    0.00   52.76    0.00    0.00    0.00   47.14
    Average:       8    0.00    0.00    0.00    0.00    0.00    0.00    0.00    0.00    0.00  100.00
    Average:       9    0.40    0.00    0.15    0.00    0.00    0.00    0.00    0.00    0.00   99.45
    Average:      10    0.00    0.00    0.00    0.00    0.00    0.00    0.00    0.00    0.00  100.00
    Average:      11    0.00    0.00    0.00    0.00    0.00    0.00    0.00    0.00    0.00  100.00
    Average:      12    0.00    0.00    0.10    0.00    0.00    0.00    0.00    0.00    0.00   99.90
    Average:      13    0.00    0.00    0.00    0.00    0.00    0.00    0.00    0.00    0.00  100.00
    Average:      14    0.00    0.00    0.00    0.00    0.00    0.00    0.00    0.00    0.00  100.00
    Average:      15    0.00    0.00    0.05    0.00    0.00    0.00    0.00    0.00    0.00   99.95
    Average:      16    0.05    0.00    0.05    0.00    0.00    0.00    0.00    0.00    0.00   99.90
    Average:      17    0.05    0.00    0.10    0.00    0.00    0.00    0.00    0.00    0.00   99.85
    Average:      18    0.00    0.00    0.00    0.00    0.00    0.00    0.00    0.00    0.00  100.00
    Average:      19    0.00    0.00    0.05    0.00    0.00    0.00    0.00    0.00    0.00   99.95
    Average:      20    0.05    0.00    0.05    0.00    0.00    0.00    0.00    0.00    0.00   99.90
    Average:      21    0.05    0.00    0.05    0.00    0.00    0.00    0.00    0.00    0.00   99.90
    Average:      22    0.00    0.00    0.00    0.00    0.00    0.00    0.00    0.00    0.00  100.00
    Average:      23    0.00    0.00    0.05    0.00    0.00    0.00    0.00    0.00    0.00   99.95
    Average:      24    0.00    0.00    0.00    0.00    0.00    0.00    0.00    0.00    0.00  100.00
    Average:      25    0.00    0.00    0.00    0.00    0.00    0.00    0.00    0.00    0.00  100.00
    Average:      26    0.05    0.00    0.10    0.00    0.00    0.00    0.00    0.00    0.00   99.85
    Average:      27    0.05    0.00    0.00    0.00    0.00    0.00    0.00    0.00    0.00   99.95
    Average:      28    0.00    0.00    0.00    0.00    0.00    0.00    0.00    0.00    0.00  100.00
    Average:      29    0.00    0.00    0.05    0.00    0.00    0.00    0.00    0.00    0.00   99.95
    Average:      30    0.00    0.00    0.00    0.00    0.00    0.00    0.00    0.00    0.00  100.00
    Average:      31    0.00    0.00    0.00    0.00    0.00    0.00    0.00    0.00    0.00  100.00
  [nftables] DROP PPS (rule counter): 1840438
  [nftables] OK: rule matched 36808769 packets
  [nftables] table benchfilter deleted
FAIL: nftables already contains rule 195.154.212.27->195.154.212.11
WARN: nftables rules left after cleanup!
== STEP 3: eBPF (XDP) ==
  [ebpf] RX total: 36763477 pkts / 2352866740 bytes => Gbps=0.941
  [ebpf] CPU (mpstat, RX cores):
    Average:     CPU    %usr   %nice    %sys %iowait    %irq   %soft  %steal  %guest  %gnice   %idle
    Average:     all    0.03    0.00    0.03    0.00    0.00    6.51    0.00    0.00    0.00   93.43
    Average:       0    0.00    0.00    0.00    0.00    0.00   25.93    0.00    0.00    0.00   74.07
    Average:       1    0.00    0.00    0.00    0.00    0.00   26.02    0.00    0.00    0.00   73.98
    Average:       2    0.00    0.00    0.00    0.00    0.00   26.31    0.00    0.00    0.00   73.69
    Average:       3    0.05    0.00    0.05    0.00    0.00   26.30    0.00    0.00    0.00   73.60
    Average:       4    0.00    0.00    0.00    0.00    0.00   26.15    0.00    0.00    0.00   73.85
    Average:       5    0.05    0.00    0.10    0.00    0.00   25.99    0.00    0.00    0.00   73.86
    Average:       6    0.00    0.00    0.00    0.00    0.00   25.83    0.00    0.00    0.00   74.17
    Average:       7    0.05    0.00    0.10    0.00    0.00   25.99    0.00    0.00    0.00   73.86
    Average:       8    0.00    0.00    0.05    0.00    0.00    0.00    0.00    0.00    0.00   99.95
    Average:       9    0.00    0.00    0.05    0.00    0.00    0.00    0.00    0.00    0.00   99.95
    Average:      10    0.00    0.00    0.00    0.00    0.00    0.00    0.00    0.00    0.00  100.00
    Average:      11    0.00    0.00    0.05    0.00    0.00    0.00    0.00    0.00    0.00   99.95
    Average:      12    0.05    0.00    0.05    0.00    0.00    0.00    0.00    0.00    0.00   99.90
    Average:      13    0.00    0.00    0.05    0.00    0.00    0.00    0.00    0.00    0.00   99.95
    Average:      14    0.00    0.00    0.05    0.00    0.00    0.00    0.00    0.00    0.00   99.95
    Average:      15    0.05    0.00    0.05    0.05    0.00    0.00    0.00    0.00    0.00   99.85
    Average:      16    0.05    0.00    0.10    0.00    0.00    0.00    0.00    0.00    0.00   99.85
    Average:      17    0.00    0.00    0.05    0.00    0.00    0.00    0.00    0.00    0.00   99.95
    Average:      18    0.00    0.00    0.05    0.00    0.00    0.00    0.00    0.00    0.00   99.95
    Average:      19    0.05    0.00    0.00    0.00    0.00    0.00    0.00    0.00    0.00   99.95
    Average:      20    0.00    0.00    0.00    0.00    0.00    0.00    0.00    0.00    0.00  100.00
    Average:      21    0.00    0.00    0.05    0.00    0.00    0.00    0.00    0.00    0.00   99.95
    Average:      22    0.05    0.00    0.00    0.00    0.00    0.00    0.00    0.00    0.00   99.95
    Average:      23    0.00    0.00    0.00    0.00    0.00    0.00    0.00    0.00    0.00  100.00
    Average:      24    0.00    0.00    0.05    0.00    0.00    0.00    0.00    0.00    0.00   99.95
    Average:      25    0.00    0.00    0.00    0.00    0.00    0.00    0.00    0.00    0.00  100.00
    Average:      26    0.05    0.00    0.05    0.00    0.00    0.00    0.00    0.00    0.00   99.90
    Average:      27    0.00    0.00    0.00    0.00    0.00    0.00    0.00    0.00    0.00  100.00
    Average:      28    0.00    0.00    0.00    0.00    0.00    0.00    0.00    0.00    0.00  100.00
    Average:      29    0.35    0.00    0.15    0.00    0.00    0.00    0.00    0.00    0.00   99.50
    Average:      30    0.05    0.00    0.00    0.00    0.00    0.00    0.00    0.00    0.00   99.95
    Average:      31    0.00    0.00    0.00    0.00    0.00    0.00    0.00    0.00    0.00  100.00
  [ebpf] AclDrop PPS: 1841394  (NOTE: global counter for all ACL-drops, not per-rule)
  [ebpf] RxPackets delta: 36827894  (check: traffic reaches eBPF)
  [ebpf] OK: ACL matched 36827883 packets
Deleted ACL rule 2
deleted rule id=2
  [ebpf] rule deleted
FAIL: nftables already contains rule 195.154.212.27->195.154.212.11
WARN: ebpf rules left after cleanup!
== bench_netfilter finished (all subsystems cleaned) ==
cmphi.service: Deactivated successfully.
