Started cmp2.service - /usr/bin/bash /home/ubuntu/Pulsar/benchmarks/bench_xdp.sh.
== bench_netfilter: iface=eno12399np0 dur=30 src=192.168.77.3 dst=192.168.77.2 proto=udp ===
== STEP 0: cleanliness check (no rules for 192.168.77.3->192.168.77.2 anywhere) ==
OK: no rules for 192.168.77.3->192.168.77.2 in any subsystem (lists match/empty)
== STEP 1: iptables ==
  [iptables] RX total: 27505431 pkts / 1760359574 bytes => Gbps=0.469
  [iptables] CPU (mpstat, RX cores):
    Average:     CPU    %usr   %nice    %sys %iowait    %irq   %soft  %steal  %guest  %gnice   %idle
    Average:     all    0.04    0.00    0.04    0.00    0.00    8.62    0.00    0.00    0.00   91.30
    Average:       0    0.03    0.00    0.10    0.00    0.00   34.65    0.00    0.00    0.00   65.22
    Average:       1    0.00    0.00    0.07    0.00    0.00   34.10    0.00    0.00    0.00   65.83
    Average:       2    0.03    0.00    0.03    0.00    0.00   34.63    0.00    0.00    0.00   65.31
    Average:       3    0.03    0.00    0.10    0.00    0.00   34.19    0.00    0.00    0.00   65.68
    Average:       4    0.00    0.00    0.03    0.00    0.00   34.25    0.00    0.00    0.00   65.71
    Average:       5    0.13    0.00    0.00    0.00    0.00   34.54    0.00    0.00    0.00   65.33
    Average:       6    0.00    0.00    0.07    0.00    0.00   34.27    0.00    0.00    0.00   65.67
    Average:       7    0.03    0.00    0.07    0.00    0.00   34.36    0.00    0.00    0.00   65.54
    Average:       8    0.27    0.00    0.07    0.00    0.00    0.00    0.00    0.00    0.00   99.67
    Average:       9    0.00    0.00    0.03    0.00    0.00    0.00    0.00    0.00    0.00   99.97
    Average:      10    0.03    0.00    0.03    0.00    0.00    0.00    0.00    0.00    0.00   99.93
    Average:      11    0.00    0.00    0.00    0.00    0.00    0.00    0.00    0.00    0.00  100.00
    Average:      12    0.00    0.00    0.07    0.00    0.00    0.00    0.00    0.00    0.00   99.93
    Average:      13    0.03    0.00    0.07    0.00    0.00    0.00    0.00    0.00    0.00   99.90
    Average:      14    0.00    0.00    0.03    0.00    0.00    0.00    0.00    0.00    0.00   99.97
    Average:      15    0.03    0.00    0.03    0.00    0.00    0.00    0.00    0.00    0.00   99.93
    Average:      16    0.03    0.00    0.00    0.00    0.00    0.00    0.00    0.00    0.00   99.97
    Average:      17    0.03    0.00    0.00    0.00    0.00    0.00    0.00    0.00    0.00   99.97
    Average:      18    0.00    0.00    0.03    0.00    0.00    0.00    0.00    0.00    0.00   99.97
    Average:      19    0.03    0.00    0.00    0.00    0.00    0.00    0.00    0.00    0.00   99.97
    Average:      20    0.03    0.00    0.00    0.00    0.00    0.00    0.00    0.00    0.00   99.97
    Average:      21    0.00    0.00    0.03    0.00    0.00    0.00    0.00    0.00    0.00   99.97
    Average:      22    0.00    0.00    0.00    0.00    0.00    0.00    0.00    0.00    0.00  100.00
    Average:      23    0.00    0.00    0.03    0.00    0.00    0.00    0.00    0.00    0.00   99.97
    Average:      24    0.57    0.00    0.17    0.03    0.00    0.00    0.00    0.00    0.00   99.23
    Average:      25    0.00    0.00    0.00    0.00    0.00    0.00    0.00    0.00    0.00  100.00
    Average:      26    0.03    0.00    0.10    0.00    0.00    0.00    0.00    0.00    0.00   99.87
    Average:      27    0.03    0.00    0.10    0.00    0.00    0.00    0.00    0.00    0.00   99.87
    Average:      28    0.00    0.00    0.03    0.00    0.00    0.00    0.00    0.00    0.00   99.97
    Average:      29    0.00    0.00    0.03    0.00    0.00    0.00    0.00    0.00    0.00   99.97
    Average:      30    0.00    0.00    0.03    0.00    0.00    0.00    0.00    0.00    0.00   99.97
    Average:      31    0.00    0.00    0.00    0.00    0.00    0.00    0.00    0.00    0.00  100.00
  [iptables] DROP PPS (rule counter): 941608
  [iptables] OK: rule matched 28248269 packets
  [iptables] rule deleted
OK: no rules for 192.168.77.3->192.168.77.2 in any subsystem (lists match/empty)
== STEP 2: nftables ==
  [nftables] RX total: 28306541 pkts / 1811628140 bytes => Gbps=0.483
  [nftables] CPU (mpstat, RX cores):
    Average:     CPU    %usr   %nice    %sys %iowait    %irq   %soft  %steal  %guest  %gnice   %idle
    Average:     all    0.03    0.00    0.04    0.00    0.00    8.73    0.00    0.00    0.00   91.20
    Average:       0    0.03    0.00    0.03    0.00    0.00   34.75    0.00    0.00    0.00   65.18
    Average:       1    0.00    0.00    0.03    0.00    0.00   34.85    0.00    0.00    0.00   65.12
    Average:       2    0.00    0.00    0.03    0.00    0.00   35.10    0.00    0.00    0.00   64.86
    Average:       3    0.03    0.00    0.13    0.00    0.00   34.82    0.00    0.00    0.00   65.01
    Average:       4    0.00    0.00    0.03    0.00    0.00   35.09    0.00    0.00    0.00   64.88
    Average:       5    0.00    0.00    0.03    0.00    0.00   34.72    0.00    0.00    0.00   65.25
    Average:       6    0.03    0.00    0.00    0.00    0.00   34.60    0.00    0.00    0.00   65.36
    Average:       7    0.07    0.00    0.13    0.00    0.00   34.88    0.00    0.00    0.00   64.92
    Average:       8    0.03    0.00    0.07    0.00    0.00    0.00    0.00    0.00    0.00   99.90
    Average:       9    0.03    0.00    0.03    0.00    0.00    0.00    0.00    0.00    0.00   99.93
    Average:      10    0.00    0.00    0.00    0.00    0.00    0.00    0.00    0.00    0.00  100.00
    Average:      11    0.00    0.00    0.00    0.00    0.00    0.00    0.00    0.00    0.00  100.00
    Average:      12    0.00    0.00    0.03    0.00    0.00    0.00    0.00    0.00    0.00   99.97
    Average:      13    0.00    0.00    0.00    0.00    0.00    0.00    0.00    0.00    0.00  100.00
    Average:      14    0.00    0.00    0.07    0.00    0.00    0.00    0.00    0.00    0.00   99.93
    Average:      15    0.03    0.00    0.03    0.00    0.00    0.00    0.00    0.00    0.00   99.93
    Average:      16    0.03    0.00    0.03    0.00    0.00    0.00    0.00    0.00    0.00   99.93
    Average:      17    0.00    0.00    0.07    0.00    0.00    0.00    0.00    0.00    0.00   99.93
    Average:      18    0.00    0.00    0.00    0.00    0.00    0.00    0.00    0.00    0.00  100.00
    Average:      19    0.00    0.00    0.03    0.00    0.00    0.00    0.00    0.00    0.00   99.97
    Average:      20    0.03    0.00    0.07    0.00    0.00    0.00    0.00    0.00    0.00   99.90
    Average:      21    0.03    0.00    0.03    0.00    0.00    0.00    0.00    0.00    0.00   99.93
    Average:      22    0.03    0.00    0.00    0.00    0.00    0.00    0.00    0.00    0.00   99.97
    Average:      23    0.00    0.00    0.00    0.00    0.00    0.00    0.00    0.00    0.00  100.00
    Average:      24    0.00    0.00    0.00    0.00    0.00    0.00    0.00    0.00    0.00  100.00
    Average:      25    0.00    0.00    0.03    0.00    0.00    0.00    0.00    0.00    0.00   99.97
    Average:      26    0.00    0.00    0.03    0.00    0.00    0.00    0.00    0.00    0.00   99.97
    Average:      27    0.23    0.00    0.20    0.00    0.00    0.00    0.00    0.00    0.00   99.57
    Average:      28    0.00    0.00    0.00    0.00    0.00    0.00    0.00    0.00    0.00  100.00
    Average:      29    0.00    0.00    0.00    0.00    0.00    0.00    0.00    0.00    0.00  100.00
    Average:      30    0.27    0.00    0.10    0.00    0.00    0.00    0.00    0.00    0.00   99.63
    Average:      31    0.03    0.00    0.07    0.00    0.00    0.00    0.00    0.00    0.00   99.90
  [nftables] DROP PPS (rule counter): 944065
  [nftables] OK: rule matched 28321959 packets
  [nftables] table benchfilter deleted
FAIL: nftables already contains rule 192.168.77.3->192.168.77.2
WARN: nftables rules left after cleanup!
== STEP 3: eBPF (XDP) ==
  [ebpf] RX total: 28285801 pkts / 1810302059 bytes => Gbps=0.483
  [ebpf] CPU (mpstat, RX cores):
    Average:     CPU    %usr   %nice    %sys %iowait    %irq   %soft  %steal  %guest  %gnice   %idle
    Average:     all    0.06    0.00    0.05    0.00    0.00    4.27    0.00    0.00    0.00   95.63
    Average:       0    0.03    0.00    0.03    0.00    0.00   17.09    0.00    0.00    0.00   82.84
    Average:       1    0.13    0.00    0.07    0.00    0.00   17.00    0.00    0.00    0.00   82.80
    Average:       2    0.30    0.00    0.10    0.00    0.00   17.51    0.00    0.00    0.00   82.09
    Average:       3    0.03    0.00    0.07    0.00    0.00   16.81    0.00    0.00    0.00   83.09
    Average:       4    0.03    0.00    0.03    0.00    0.00   16.82    0.00    0.00    0.00   83.11
    Average:       5    0.00    0.00    0.03    0.00    0.00   16.73    0.00    0.00    0.00   83.23
    Average:       6    0.03    0.00    0.07    0.00    0.00   17.18    0.00    0.00    0.00   82.72
    Average:       7    0.33    0.00    0.17    0.00    0.00   17.10    0.00    0.00    0.00   82.40
    Average:       8    0.03    0.00    0.03    0.00    0.00    0.03    0.00    0.00    0.00   99.90
    Average:       9    0.00    0.00    0.03    0.00    0.00    0.00    0.00    0.00    0.00   99.97
    Average:      10    0.00    0.00    0.03    0.00    0.00    0.00    0.00    0.00    0.00   99.97
    Average:      11    0.00    0.00    0.00    0.00    0.00    0.00    0.00    0.00    0.00  100.00
    Average:      12    0.00    0.00    0.00    0.00    0.00    0.00    0.00    0.00    0.00  100.00
    Average:      13    0.07    0.00    0.07    0.00    0.00    0.00    0.00    0.00    0.00   99.87
    Average:      14    0.00    0.00    0.03    0.00    0.00    0.00    0.00    0.00    0.00   99.97
    Average:      15    0.07    0.00    0.07    0.00    0.00    0.00    0.00    0.00    0.00   99.87
    Average:      16    0.00    0.00    0.00    0.00    0.00    0.00    0.00    0.00    0.00  100.00
    Average:      17    0.03    0.00    0.00    0.00    0.00    0.00    0.00    0.00    0.00   99.97
    Average:      18    0.00    0.00    0.00    0.00    0.00    0.00    0.00    0.00    0.00  100.00
    Average:      19    0.00    0.00    0.00    0.00    0.00    0.00    0.00    0.00    0.00  100.00
    Average:      20    0.00    0.00    0.03    0.00    0.00    0.00    0.00    0.00    0.00   99.97
    Average:      21    0.00    0.00    0.03    0.00    0.00    0.00    0.00    0.00    0.00   99.97
    Average:      22    0.53    0.00    0.20    0.03    0.00    0.00    0.00    0.00    0.00   99.23
    Average:      23    0.00    0.00    0.00    0.00    0.00    0.00    0.00    0.00    0.00  100.00
    Average:      24    0.00    0.00    0.03    0.00    0.00    0.00    0.00    0.00    0.00   99.97
    Average:      25    0.00    0.00    0.00    0.00    0.00    0.00    0.00    0.00    0.00  100.00
    Average:      26    0.03    0.00    0.07    0.00    0.00    0.00    0.00    0.00    0.00   99.90
    Average:      27    0.03    0.00    0.07    0.00    0.00    0.00    0.00    0.00    0.00   99.90
    Average:      28    0.03    0.00    0.10    0.00    0.00    0.00    0.00    0.00    0.00   99.87
    Average:      29    0.03    0.00    0.07    0.00    0.00    0.00    0.00    0.00    0.00   99.90
    Average:      30    0.00    0.00    0.07    0.00    0.00    0.00    0.00    0.00    0.00   99.93
    Average:      31    0.03    0.00    0.00    0.00    0.00    0.00    0.00    0.00    0.00   99.97
  [ebpf] AclDrop PPS: 943668  (NOTE: global counter for all ACL-drops, not per-rule)
  [ebpf] RxPackets delta: 28310262  (check: traffic reaches eBPF)
  [ebpf] OK: ACL matched 28310049 packets
Deleted ACL rule 1
deleted rule id=1
  [ebpf] rule deleted
FAIL: nftables already contains rule 192.168.77.3->192.168.77.2
WARN: ebpf rules left after cleanup!
== bench_netfilter finished (all subsystems cleaned) ==
cmp2.service: Deactivated successfully.
